# Columns:
# 1. RA [deg]
# 2. Dec [deg]
# 3. Redshift in observation
# 4. Weight of this object in computing the cross-correlation
219.374741 -1.142057 0.014051 1.000000
177.022387 0.991332 0.010324 1.000000
169.886334 0.379001 0.025390 1.000000
151.799395 0.809070 0.021247 1.000000
191.718887 -1.961214 0.015985 1.000000
178.222652 -1.449052 0.018761 1.000000
185.987182 -1.499726 0.025033 1.000000
191.714347 -1.552252 0.022937 1.000000
166.035339 64.079893 0.032258 1.000000
157.940804 63.594597 0.036655 1.000000
115.658443 38.248604 0.011170 1.000000
136.130043 55.295347 0.013686 1.000000
136.290612 55.563935 0.012372 1.000000
256.002476 60.065930 0.031267 1.000000
169.733631 63.286593 0.014458 1.000000
237.065890 52.809925 0.052050 1.000000
121.880156 46.224187 0.023809 1.000000
138.690712 59.726334 0.013836 1.000000
149.289456 64.001383 0.017674 1.000000
150.014000 64.414545 0.018521 1.000000
127.222535 52.056181 0.064636 1.000000
166.994711 65.819347 0.039021 1.000000
234.686927 56.714223 0.010596 1.000000
137.701168 60.056610 0.017243 1.000000
216.754595 1.669882 0.054383 1.000000
179.787116 3.668789 0.010887 1.000000
188.016912 2.958594 0.029416 1.000000
156.184808 60.424048 0.027790 1.000000
163.590218 2.193472 0.026156 1.000000
172.331478 3.089538 0.017285 1.000000
123.656430 41.748527 0.031429 1.000000
228.099738 57.521313 0.062230 1.000000
176.795464 65.641623 0.021746 1.000000
140.184064 3.223397 0.012988 1.000000
147.175243 3.690084 0.010072 1.000000
140.943192 2.752979 0.016859 1.000000
145.223420 3.651014 0.012113 1.000000
179.884484 6.107749 0.021211 1.000000
114.215890 30.891697 0.015182 1.000000
227.277823 3.517908 0.049353 1.000000
190.042066 6.064821 0.018604 1.000000
171.985073 3.710806 0.021964 1.000000
191.120319 4.172234 0.018062 1.000000
249.186645 43.124980 0.030958 1.000000
245.654239 42.515996 0.030205 1.000000
225.365626 55.526098 0.037198 1.000000
214.383283 58.365261 0.042878 1.000000
180.715166 62.935446 0.020804 1.000000
217.825236 58.761287 0.010316 1.000000
204.483459 -1.624682 0.022270 1.000000
214.064081 -1.464557 0.036359 1.000000
231.468694 -1.004912 0.028885 1.000000
251.873984 40.565742 0.031085 1.000000
215.889654 5.752964 0.025666 1.000000
218.379424 6.372301 0.026241 1.000000
228.146929 6.050009 0.035656 1.000000
139.655187 44.598020 0.014213 1.000000
182.415710 56.156751 0.016642 1.000000
139.068593 42.332496 0.029267 1.000000
179.525570 52.987033 0.012250 1.000000
134.467095 46.564226 0.027875 1.000000
133.560952 37.887698 0.042737 1.000000
138.438274 39.904520 0.027384 1.000000
118.251574 26.713320 0.081872 1.000000
186.611554 49.111201 0.011828 1.000000
151.826616 44.277507 0.011255 1.000000
227.212158 40.712152 0.030482 1.000000
128.293732 33.114150 0.020914 1.000000
141.904139 41.353738 0.033428 1.000000
150.825966 44.873690 0.011499 1.000000
150.509385 45.201737 0.116460 1.000000
184.096303 51.087264 0.011711 1.000000
150.759191 5.870567 0.021477 1.000000
166.049423 7.606982 0.031723 1.000000
129.127362 5.166106 0.013556 1.000000
192.245404 60.514384 0.037712 1.000000
146.393241 7.918201 0.025669 1.000000
160.036503 9.274681 0.018079 1.000000
184.748742 48.870974 0.022417 1.000000
184.840336 49.203245 0.027708 1.000000
175.512572 49.356995 0.024367 1.000000
153.901334 50.278160 0.054264 1.000000
180.388073 54.684857 0.011869 1.000000
176.097181 54.786219 0.022213 1.000000
220.139524 50.319102 0.029999 1.000000
228.990404 46.790668 0.019044 1.000000
247.930888 36.335935 0.031429 1.000000
238.420289 45.406836 0.028077 1.000000
120.120893 24.552716 0.015590 1.000000
145.539457 40.218879 0.018165 1.000000
183.825088 9.068336 0.031559 1.000000
175.748477 48.356896 0.010316 1.000000
146.880839 10.492109 0.010440 1.000000
140.190826 35.762918 0.025230 1.000000
152.779359 9.751266 0.025937 1.000000
123.611356 24.734489 0.013550 1.000000
142.270234 34.345289 0.022898 1.000000
165.456519 45.148023 0.010554 1.000000
154.852412 42.904269 0.014376 1.000000
180.656010 47.621085 0.024824 1.000000
186.665313 47.638148 0.030168 1.000000
197.645106 45.655943 0.029421 1.000000
218.481800 41.027367 0.018196 1.000000
218.820663 40.876097 0.011650 1.000000
189.490985 57.228915 0.010418 1.000000
214.526584 54.194264 0.011445 1.000000
218.974066 52.733602 0.014394 1.000000
243.046222 40.115776 0.030929 1.000000
205.142287 55.430381 0.016700 1.000000
218.333300 41.265762 0.018199 1.000000
228.165861 38.834552 0.037056 1.000000
209.786995 46.020679 0.055636 1.000000
169.278668 12.925323 0.019619 1.000000
174.618301 44.028085 0.026459 1.000000
162.222447 43.002749 0.010959 1.000000
172.556548 45.082424 0.032179 1.000000
208.506377 42.528916 0.038249 1.000000
157.269420 42.486234 0.025585 1.000000
207.453982 10.629481 0.036597 1.000000
169.462622 11.885730 0.020025 1.000000
185.060788 12.865220 0.024190 1.000000
206.528369 12.038375 0.022742 1.000000
234.952786 8.446519 0.013506 1.000000
191.046908 41.668225 0.016980 1.000000
200.378682 6.601376 0.021507 1.000000
208.076101 6.919799 0.022546 1.000000
160.973786 40.277273 0.023522 1.000000
185.209597 42.711038 0.015722 1.000000
219.992882 37.640622 0.040311 1.000000
189.255438 43.645116 0.031000 1.000000
214.683574 35.270450 0.010294 1.000000
195.393157 39.172488 0.023610 1.000000
246.416081 21.402694 0.035072 1.000000
168.092022 38.833035 0.028696 1.000000
156.890819 37.066833 0.025744 1.000000
246.812614 22.335786 0.014144 1.000000
191.612988 40.750765 0.016346 1.000000
209.137853 8.609224 0.013570 1.000000
222.511051 7.478957 0.034798 1.000000
228.545659 6.746964 0.018101 1.000000
208.405360 8.353235 0.023255 1.000000
210.776791 8.241607 0.017542 1.000000
221.122285 5.176247 0.014592 1.000000
206.818374 13.297932 0.021670 1.000000
215.754477 12.320321 0.038819 1.000000
215.859152 12.967860 0.019759 1.000000
225.896082 11.647934 0.022999 1.000000
244.848358 25.669551 0.040403 1.000000
220.800703 12.194856 0.022346 1.000000
216.372147 13.725174 0.026259 1.000000
207.024134 35.584194 0.012522 1.000000
211.495535 35.484580 0.012754 1.000000
242.101889 21.188692 0.015961 1.000000
243.434508 21.495608 0.032251 1.000000
144.170537 65.621549 0.039103 1.000000
117.568281 47.889037 0.018026 1.000000
120.780626 51.503760 0.017480 1.000000
119.609534 54.392624 0.040954 1.000000
135.327222 62.480961 0.026193 1.000000
132.274596 62.621870 0.017708 1.000000
143.795181 32.348016 0.014252 1.000000
136.011849 29.368567 0.033291 1.000000
148.204543 11.150250 0.029295 1.000000
158.869647 12.644475 0.030779 1.000000
182.249170 14.967630 0.084443 1.000000
183.527895 15.404926 0.026192 1.000000
206.885800 14.266093 0.021500 1.000000
207.885535 14.247676 0.036971 1.000000
211.023356 13.903792 0.027339 1.000000
178.407373 16.011668 0.023174 1.000000
209.079346 37.704091 0.011229 1.000000
176.933162 36.500167 0.010375 1.000000
146.991372 32.991512 0.022055 1.000000
130.409575 26.234713 0.043975 1.000000
140.955703 31.544744 0.014139 1.000000
190.347144 37.987674 0.023284 1.000000
193.747052 37.735185 0.023539 1.000000
177.525755 37.099991 0.021043 1.000000
118.588581 16.135273 0.029055 1.000000
131.426424 23.696079 0.010881 1.000000
153.384695 29.975795 0.017117 1.000000
152.735731 32.218996 0.021035 1.000000
149.608898 32.808940 0.015314 1.000000
166.002160 32.505065 0.028966 1.000000
202.686725 32.760748 0.015579 1.000000
205.788367 33.556839 0.010573 1.000000
143.203893 26.619572 0.025420 1.000000
229.975197 26.294393 0.031309 1.000000
198.112513 33.220969 0.022853 1.000000
199.761761 32.896354 0.026548 1.000000
190.276050 34.570314 0.039210 1.000000
224.513759 28.036823 0.022654 1.000000
158.276630 32.074917 0.036616 1.000000
191.227911 34.942312 0.014230 1.000000
189.566209 35.388297 0.023101 1.000000
235.721110 24.436977 0.023152 1.000000
183.764770 31.534831 0.022355 1.000000
201.771008 31.373013 0.015990 1.000000
176.650503 32.520462 0.021929 1.000000
190.877720 33.417172 0.023073 1.000000
246.915506 18.838037 0.034860 1.000000
190.907062 31.730504 0.023732 1.000000
161.414553 30.044595 0.032408 1.000000
208.901677 31.257353 0.029584 1.000000
170.087522 30.625696 0.025137 1.000000
170.247728 31.631158 0.023663 1.000000
237.319321 21.831385 0.034507 1.000000
200.114897 28.123994 0.022550 1.000000
240.561419 17.506227 0.015894 1.000000
218.333421 25.050231 0.014400 1.000000
190.086334 29.600761 0.015522 1.000000
225.051246 23.529010 0.021255 1.000000
239.189328 18.435869 0.016352 1.000000
184.074098 30.416507 0.023909 1.000000
191.975397 30.373808 0.024515 1.000000
199.941736 29.692515 0.023933 1.000000
199.171223 30.248435 0.022222 1.000000
221.447324 22.734571 0.017535 1.000000
213.436750 21.667320 0.015882 1.000000
231.993894 17.131195 0.023418 1.000000
214.481197 21.926196 0.015938 1.000000
218.618846 21.948966 0.017941 1.000000
121.457531 14.942853 0.028287 1.000000
133.195263 22.034386 0.038216 1.000000
144.734805 26.473607 0.024268 1.000000
148.538815 28.104866 0.020503 1.000000
128.395955 19.741408 0.026047 1.000000
141.122471 22.274820 0.012741 1.000000
170.700912 28.918281 0.023284 1.000000
130.112892 18.574292 0.015439 1.000000
151.383189 25.799477 0.018111 1.000000
193.934551 28.754593 0.027474 1.000000
159.892227 27.050646 0.021016 1.000000
161.928152 27.457832 0.021525 1.000000
170.121743 28.722774 0.029636 1.000000
131.657951 18.889895 0.013112 1.000000
184.205116 30.269811 0.012802 1.000000
188.036957 30.715304 0.023161 1.000000
191.579919 31.084685 0.015320 1.000000
197.858551 30.619709 0.020681 1.000000
146.400237 21.464924 0.016659 1.000000
141.284321 20.195235 0.020190 1.000000
169.340343 25.449625 0.029476 1.000000
202.889925 25.627074 0.025632 1.000000
169.053598 26.779629 0.019738 1.000000
186.581404 27.504224 0.028229 1.000000
162.044359 26.163814 0.012324 1.000000
171.099251 27.672726 0.026416 1.000000
204.847270 26.994617 0.025755 1.000000
146.229879 21.153269 0.025642 1.000000
145.850275 21.914257 0.012523 1.000000
178.621977 27.736451 0.012022 1.000000
190.424575 28.650006 0.025524 1.000000
198.303070 24.352689 0.014671 1.000000
178.622649 25.149843 0.020768 1.000000
180.121852 25.694970 0.019404 1.000000
179.796604 26.027645 0.022911 1.000000
207.839378 24.372299 0.027586 1.000000
151.469143 20.393946 0.011826 1.000000
148.756114 20.076712 0.025278 1.000000
156.994716 22.184926 0.013999 1.000000
165.473753 23.611699 0.021994 1.000000
165.788906 23.727472 0.021463 1.000000
171.660982 24.299385 0.023620 1.000000
183.654136 21.989087 0.023536 1.000000
145.798017 17.688131 0.014908 1.000000
152.020649 19.113349 0.012656 1.000000
172.784801 21.889301 0.011237 1.000000
168.590016 21.032389 0.026807 1.000000
172.358162 21.352119 0.013016 1.000000
154.266495 19.176723 0.018106 1.000000
206.492047 20.750858 0.031374 1.000000
179.136950 22.461652 0.021931 1.000000
205.220460 21.385589 0.034665 1.000000
157.467919 20.669286 0.019179 1.000000
167.131441 22.053919 0.022377 1.000000
207.930593 21.338767 0.026774 1.000000
166.719901 22.422184 0.026700 1.000000
186.592025 24.281342 0.021679 1.000000
188.811780 24.548756 0.021464 1.000000
214.507286 21.855903 0.031816 1.000000
192.203717 24.999400 0.022737 1.000000
178.754743 25.460730 0.020218 1.000000
183.817581 19.118110 0.030005 1.000000
182.857011 20.332629 0.030432 1.000000
183.970425 21.235357 0.021223 1.000000
211.036618 17.231829 0.021097 1.000000
203.930865 19.355020 0.021563 1.000000
201.654806 19.872741 0.014215 1.000000
151.747014 16.351077 0.022850 1.000000
147.420685 15.982629 0.019599 1.000000
160.765940 19.160449 0.019702 1.000000
175.457582 19.767884 0.026099 1.000000
180.510792 18.780055 0.015784 1.000000
178.766209 19.083283 0.012989 1.000000
179.530783 20.838441 0.013604 1.000000
209.777292 15.576100 0.024150 1.000000
230.569013 13.012324 0.028834 1.000000
243.172151 12.671694 0.033706 1.000000
245.362386 49.954265 0.013831 1.000000
179.433734 17.224621 0.012665 1.000000
127.245735 8.808803 0.030737 1.000000
143.547748 13.913029 0.025606 1.000000
135.943731 12.734649 0.016839 1.000000
